

Time: 0
Waiting clients: (2, 5, 10); (8, 5, 10); (20, 5, 8); (10, 7, 5); (14, 7, 5); (3, 8, 10); (15, 8, 6); (5, 9, 12); (9, 9, 13); (18, 9, 6); (7, 10, 8); (17, 10, 13); (4, 11, 14); (6, 11, 11); (13, 11, 14); (11, 12, 5); (12, 12, 12); (16, 13, 10); (1, 14, 8); (19, 14, 13); 
Queue 1: Closed
Queue 2: Closed

Time: 1
Waiting clients: (2, 5, 10); (8, 5, 10); (20, 5, 8); (10, 7, 5); (14, 7, 5); (3, 8, 10); (15, 8, 6); (5, 9, 12); (9, 9, 13); (18, 9, 6); (7, 10, 8); (17, 10, 13); (4, 11, 14); (6, 11, 11); (13, 11, 14); (11, 12, 5); (12, 12, 12); (16, 13, 10); (1, 14, 8); (19, 14, 13); 
Queue 1: Closed
Queue 2: Closed

Time: 2
Waiting clients: (2, 5, 10); (8, 5, 10); (20, 5, 8); (10, 7, 5); (14, 7, 5); (3, 8, 10); (15, 8, 6); (5, 9, 12); (9, 9, 13); (18, 9, 6); (7, 10, 8); (17, 10, 13); (4, 11, 14); (6, 11, 11); (13, 11, 14); (11, 12, 5); (12, 12, 12); (16, 13, 10); (1, 14, 8); (19, 14, 13); 
Queue 1: Closed
Queue 2: Closed

Time: 3
Waiting clients: (2, 5, 10); (8, 5, 10); (20, 5, 8); (10, 7, 5); (14, 7, 5); (3, 8, 10); (15, 8, 6); (5, 9, 12); (9, 9, 13); (18, 9, 6); (7, 10, 8); (17, 10, 13); (4, 11, 14); (6, 11, 11); (13, 11, 14); (11, 12, 5); (12, 12, 12); (16, 13, 10); (1, 14, 8); (19, 14, 13); 
Queue 1: Closed
Queue 2: Closed

Time: 4
Waiting clients: (2, 5, 10); (8, 5, 10); (20, 5, 8); (10, 7, 5); (14, 7, 5); (3, 8, 10); (15, 8, 6); (5, 9, 12); (9, 9, 13); (18, 9, 6); (7, 10, 8); (17, 10, 13); (4, 11, 14); (6, 11, 11); (13, 11, 14); (11, 12, 5); (12, 12, 12); (16, 13, 10); (1, 14, 8); (19, 14, 13); 
Queue 1: Closed
Queue 2: Closed

Time: 5
Waiting clients: (10, 7, 5); (14, 7, 5); (3, 8, 10); (15, 8, 6); (5, 9, 12); (9, 9, 13); (18, 9, 6); (7, 10, 8); (17, 10, 13); (4, 11, 14); (6, 11, 11); (13, 11, 14); (11, 12, 5); (12, 12, 12); (16, 13, 10); (1, 14, 8); (19, 14, 13); 
Queue 1: (2, 5, 10); (20, 5, 8); 
Queue 2: (8, 5, 10); 

Time: 6
Waiting clients: (10, 7, 5); (14, 7, 5); (3, 8, 10); (15, 8, 6); (5, 9, 12); (9, 9, 13); (18, 9, 6); (7, 10, 8); (17, 10, 13); (4, 11, 14); (6, 11, 11); (13, 11, 14); (11, 12, 5); (12, 12, 12); (16, 13, 10); (1, 14, 8); (19, 14, 13); 
Queue 1: (2, 5, 9); (20, 5, 8); 
Queue 2: (8, 5, 9); 

Time: 7
Waiting clients: (3, 8, 10); (15, 8, 6); (5, 9, 12); (9, 9, 13); (18, 9, 6); (7, 10, 8); (17, 10, 13); (4, 11, 14); (6, 11, 11); (13, 11, 14); (11, 12, 5); (12, 12, 12); (16, 13, 10); (1, 14, 8); (19, 14, 13); 
Queue 1: (2, 5, 8); (20, 5, 8); 
Queue 2: (8, 5, 8); (10, 7, 5); (14, 7, 5); 

Time: 8
Waiting clients: (5, 9, 12); (9, 9, 13); (18, 9, 6); (7, 10, 8); (17, 10, 13); (4, 11, 14); (6, 11, 11); (13, 11, 14); (11, 12, 5); (12, 12, 12); (16, 13, 10); (1, 14, 8); (19, 14, 13); 
Queue 1: (2, 5, 7); (20, 5, 8); (3, 8, 10); 
Queue 2: (8, 5, 7); (10, 7, 5); (14, 7, 5); (15, 8, 6); 

Time: 9
Waiting clients: (7, 10, 8); (17, 10, 13); (4, 11, 14); (6, 11, 11); (13, 11, 14); (11, 12, 5); (12, 12, 12); (16, 13, 10); (1, 14, 8); (19, 14, 13); 
Queue 1: (2, 5, 6); (20, 5, 8); (3, 8, 10); (9, 9, 13); 
Queue 2: (8, 5, 6); (10, 7, 5); (14, 7, 5); (15, 8, 6); (5, 9, 12); (18, 9, 6); 

Time: 10
Waiting clients: (4, 11, 14); (6, 11, 11); (13, 11, 14); (11, 12, 5); (12, 12, 12); (16, 13, 10); (1, 14, 8); (19, 14, 13); 
Queue 1: (2, 5, 5); (20, 5, 8); (3, 8, 10); (9, 9, 13); (7, 10, 8); 
Queue 2: (8, 5, 5); (10, 7, 5); (14, 7, 5); (15, 8, 6); (5, 9, 12); (18, 9, 6); (17, 10, 13); 

Time: 11
Waiting clients: (11, 12, 5); (12, 12, 12); (16, 13, 10); (1, 14, 8); (19, 14, 13); 
Queue 1: (2, 5, 4); (20, 5, 8); (3, 8, 10); (9, 9, 13); (7, 10, 8); (4, 11, 14); (13, 11, 14); 
Queue 2: (8, 5, 4); (10, 7, 5); (14, 7, 5); (15, 8, 6); (5, 9, 12); (18, 9, 6); (17, 10, 13); (6, 11, 11); 

Time: 12
Waiting clients: (16, 13, 10); (1, 14, 8); (19, 14, 13); 
Queue 1: (2, 5, 3); (20, 5, 8); (3, 8, 10); (9, 9, 13); (7, 10, 8); (4, 11, 14); (13, 11, 14); 
Queue 2: (8, 5, 3); (10, 7, 5); (14, 7, 5); (15, 8, 6); (5, 9, 12); (18, 9, 6); (17, 10, 13); (6, 11, 11); (11, 12, 5); (12, 12, 12); 

Time: 13
Waiting clients: (1, 14, 8); (19, 14, 13); 
Queue 1: (2, 5, 2); (20, 5, 8); (3, 8, 10); (9, 9, 13); (7, 10, 8); (4, 11, 14); (13, 11, 14); (16, 13, 10); 
Queue 2: (8, 5, 2); (10, 7, 5); (14, 7, 5); (15, 8, 6); (5, 9, 12); (18, 9, 6); (17, 10, 13); (6, 11, 11); (11, 12, 5); (12, 12, 12); 

Time: 14
Waiting clients: 
Queue 1: (2, 5, 1); (20, 5, 8); (3, 8, 10); (9, 9, 13); (7, 10, 8); (4, 11, 14); (13, 11, 14); (16, 13, 10); (19, 14, 13); 
Queue 2: (8, 5, 1); (10, 7, 5); (14, 7, 5); (15, 8, 6); (5, 9, 12); (18, 9, 6); (17, 10, 13); (6, 11, 11); (11, 12, 5); (12, 12, 12); (1, 14, 8); 

Time: 15
Waiting clients: 
Queue 1: (20, 5, 8); (3, 8, 10); (9, 9, 13); (7, 10, 8); (4, 11, 14); (13, 11, 14); (16, 13, 10); (19, 14, 13); 
Queue 2: (10, 7, 5); (14, 7, 5); (15, 8, 6); (5, 9, 12); (18, 9, 6); (17, 10, 13); (6, 11, 11); (11, 12, 5); (12, 12, 12); (1, 14, 8); 

Time: 16
Waiting clients: 
Queue 1: (20, 5, 7); (3, 8, 10); (9, 9, 13); (7, 10, 8); (4, 11, 14); (13, 11, 14); (16, 13, 10); (19, 14, 13); 
Queue 2: (10, 7, 4); (14, 7, 5); (15, 8, 6); (5, 9, 12); (18, 9, 6); (17, 10, 13); (6, 11, 11); (11, 12, 5); (12, 12, 12); (1, 14, 8); 

Time: 17
Waiting clients: 
Queue 1: (20, 5, 6); (3, 8, 10); (9, 9, 13); (7, 10, 8); (4, 11, 14); (13, 11, 14); (16, 13, 10); (19, 14, 13); 
Queue 2: (10, 7, 3); (14, 7, 5); (15, 8, 6); (5, 9, 12); (18, 9, 6); (17, 10, 13); (6, 11, 11); (11, 12, 5); (12, 12, 12); (1, 14, 8); 

Time: 18
Waiting clients: 
Queue 1: (20, 5, 5); (3, 8, 10); (9, 9, 13); (7, 10, 8); (4, 11, 14); (13, 11, 14); (16, 13, 10); (19, 14, 13); 
Queue 2: (10, 7, 2); (14, 7, 5); (15, 8, 6); (5, 9, 12); (18, 9, 6); (17, 10, 13); (6, 11, 11); (11, 12, 5); (12, 12, 12); (1, 14, 8); 

Time: 19
Waiting clients: 
Queue 1: (20, 5, 4); (3, 8, 10); (9, 9, 13); (7, 10, 8); (4, 11, 14); (13, 11, 14); (16, 13, 10); (19, 14, 13); 
Queue 2: (10, 7, 1); (14, 7, 5); (15, 8, 6); (5, 9, 12); (18, 9, 6); (17, 10, 13); (6, 11, 11); (11, 12, 5); (12, 12, 12); (1, 14, 8); 

Time: 20
Waiting clients: 
Queue 1: (20, 5, 3); (3, 8, 10); (9, 9, 13); (7, 10, 8); (4, 11, 14); (13, 11, 14); (16, 13, 10); (19, 14, 13); 
Queue 2: (14, 7, 5); (15, 8, 6); (5, 9, 12); (18, 9, 6); (17, 10, 13); (6, 11, 11); (11, 12, 5); (12, 12, 12); (1, 14, 8); 

Time: 21
Waiting clients: 
Queue 1: (20, 5, 2); (3, 8, 10); (9, 9, 13); (7, 10, 8); (4, 11, 14); (13, 11, 14); (16, 13, 10); (19, 14, 13); 
Queue 2: (14, 7, 4); (15, 8, 6); (5, 9, 12); (18, 9, 6); (17, 10, 13); (6, 11, 11); (11, 12, 5); (12, 12, 12); (1, 14, 8); 

Time: 22
Waiting clients: 
Queue 1: (20, 5, 1); (3, 8, 10); (9, 9, 13); (7, 10, 8); (4, 11, 14); (13, 11, 14); (16, 13, 10); (19, 14, 13); 
Queue 2: (14, 7, 3); (15, 8, 6); (5, 9, 12); (18, 9, 6); (17, 10, 13); (6, 11, 11); (11, 12, 5); (12, 12, 12); (1, 14, 8); 

Time: 23
Waiting clients: 
Queue 1: (3, 8, 10); (9, 9, 13); (7, 10, 8); (4, 11, 14); (13, 11, 14); (16, 13, 10); (19, 14, 13); 
Queue 2: (14, 7, 2); (15, 8, 6); (5, 9, 12); (18, 9, 6); (17, 10, 13); (6, 11, 11); (11, 12, 5); (12, 12, 12); (1, 14, 8); 

Time: 24
Waiting clients: 
Queue 1: (3, 8, 9); (9, 9, 13); (7, 10, 8); (4, 11, 14); (13, 11, 14); (16, 13, 10); (19, 14, 13); 
Queue 2: (14, 7, 1); (15, 8, 6); (5, 9, 12); (18, 9, 6); (17, 10, 13); (6, 11, 11); (11, 12, 5); (12, 12, 12); (1, 14, 8); 

Time: 25
Waiting clients: 
Queue 1: (3, 8, 8); (9, 9, 13); (7, 10, 8); (4, 11, 14); (13, 11, 14); (16, 13, 10); (19, 14, 13); 
Queue 2: (15, 8, 6); (5, 9, 12); (18, 9, 6); (17, 10, 13); (6, 11, 11); (11, 12, 5); (12, 12, 12); (1, 14, 8); 

Time: 26
Waiting clients: 
Queue 1: (3, 8, 7); (9, 9, 13); (7, 10, 8); (4, 11, 14); (13, 11, 14); (16, 13, 10); (19, 14, 13); 
Queue 2: (15, 8, 5); (5, 9, 12); (18, 9, 6); (17, 10, 13); (6, 11, 11); (11, 12, 5); (12, 12, 12); (1, 14, 8); 

Time: 27
Waiting clients: 
Queue 1: (3, 8, 6); (9, 9, 13); (7, 10, 8); (4, 11, 14); (13, 11, 14); (16, 13, 10); (19, 14, 13); 
Queue 2: (15, 8, 4); (5, 9, 12); (18, 9, 6); (17, 10, 13); (6, 11, 11); (11, 12, 5); (12, 12, 12); (1, 14, 8); 

Time: 28
Waiting clients: 
Queue 1: (3, 8, 5); (9, 9, 13); (7, 10, 8); (4, 11, 14); (13, 11, 14); (16, 13, 10); (19, 14, 13); 
Queue 2: (15, 8, 3); (5, 9, 12); (18, 9, 6); (17, 10, 13); (6, 11, 11); (11, 12, 5); (12, 12, 12); (1, 14, 8); 

Time: 29
Waiting clients: 
Queue 1: (3, 8, 4); (9, 9, 13); (7, 10, 8); (4, 11, 14); (13, 11, 14); (16, 13, 10); (19, 14, 13); 
Queue 2: (15, 8, 2); (5, 9, 12); (18, 9, 6); (17, 10, 13); (6, 11, 11); (11, 12, 5); (12, 12, 12); (1, 14, 8); 

Time: 30
Waiting clients: 
Queue 1: (3, 8, 3); (9, 9, 13); (7, 10, 8); (4, 11, 14); (13, 11, 14); (16, 13, 10); (19, 14, 13); 
Queue 2: (15, 8, 1); (5, 9, 12); (18, 9, 6); (17, 10, 13); (6, 11, 11); (11, 12, 5); (12, 12, 12); (1, 14, 8); 

Time: 31
Waiting clients: 
Queue 1: (3, 8, 2); (9, 9, 13); (7, 10, 8); (4, 11, 14); (13, 11, 14); (16, 13, 10); (19, 14, 13); 
Queue 2: (5, 9, 12); (18, 9, 6); (17, 10, 13); (6, 11, 11); (11, 12, 5); (12, 12, 12); (1, 14, 8); 

Time: 32
Waiting clients: 
Queue 1: (3, 8, 1); (9, 9, 13); (7, 10, 8); (4, 11, 14); (13, 11, 14); (16, 13, 10); (19, 14, 13); 
Queue 2: (5, 9, 11); (18, 9, 6); (17, 10, 13); (6, 11, 11); (11, 12, 5); (12, 12, 12); (1, 14, 8); 

Time: 33
Waiting clients: 
Queue 1: (9, 9, 13); (7, 10, 8); (4, 11, 14); (13, 11, 14); (16, 13, 10); (19, 14, 13); 
Queue 2: (5, 9, 10); (18, 9, 6); (17, 10, 13); (6, 11, 11); (11, 12, 5); (12, 12, 12); (1, 14, 8); 

Time: 34
Waiting clients: 
Queue 1: (9, 9, 12); (7, 10, 8); (4, 11, 14); (13, 11, 14); (16, 13, 10); (19, 14, 13); 
Queue 2: (5, 9, 9); (18, 9, 6); (17, 10, 13); (6, 11, 11); (11, 12, 5); (12, 12, 12); (1, 14, 8); 

Time: 35
Waiting clients: 
Queue 1: (9, 9, 11); (7, 10, 8); (4, 11, 14); (13, 11, 14); (16, 13, 10); (19, 14, 13); 
Queue 2: (5, 9, 8); (18, 9, 6); (17, 10, 13); (6, 11, 11); (11, 12, 5); (12, 12, 12); (1, 14, 8); 

Time: 36
Waiting clients: 
Queue 1: (9, 9, 10); (7, 10, 8); (4, 11, 14); (13, 11, 14); (16, 13, 10); (19, 14, 13); 
Queue 2: (5, 9, 7); (18, 9, 6); (17, 10, 13); (6, 11, 11); (11, 12, 5); (12, 12, 12); (1, 14, 8); 

Time: 37
Waiting clients: 
Queue 1: (9, 9, 9); (7, 10, 8); (4, 11, 14); (13, 11, 14); (16, 13, 10); (19, 14, 13); 
Queue 2: (5, 9, 6); (18, 9, 6); (17, 10, 13); (6, 11, 11); (11, 12, 5); (12, 12, 12); (1, 14, 8); 

Time: 38
Waiting clients: 
Queue 1: (9, 9, 8); (7, 10, 8); (4, 11, 14); (13, 11, 14); (16, 13, 10); (19, 14, 13); 
Queue 2: (5, 9, 5); (18, 9, 6); (17, 10, 13); (6, 11, 11); (11, 12, 5); (12, 12, 12); (1, 14, 8); 

Time: 39
Waiting clients: 
Queue 1: (9, 9, 7); (7, 10, 8); (4, 11, 14); (13, 11, 14); (16, 13, 10); (19, 14, 13); 
Queue 2: (5, 9, 4); (18, 9, 6); (17, 10, 13); (6, 11, 11); (11, 12, 5); (12, 12, 12); (1, 14, 8); 

Time: 40
Waiting clients: 
Queue 1: (9, 9, 6); (7, 10, 8); (4, 11, 14); (13, 11, 14); (16, 13, 10); (19, 14, 13); 
Queue 2: (5, 9, 3); (18, 9, 6); (17, 10, 13); (6, 11, 11); (11, 12, 5); (12, 12, 12); (1, 14, 8); 

Time: 41
Waiting clients: 
Queue 1: (9, 9, 5); (7, 10, 8); (4, 11, 14); (13, 11, 14); (16, 13, 10); (19, 14, 13); 
Queue 2: (5, 9, 2); (18, 9, 6); (17, 10, 13); (6, 11, 11); (11, 12, 5); (12, 12, 12); (1, 14, 8); 

Time: 42
Waiting clients: 
Queue 1: (9, 9, 5); (7, 10, 8); (4, 11, 14); (13, 11, 14); (16, 13, 10); (19, 14, 13); 
Queue 2: (5, 9, 1); (18, 9, 6); (17, 10, 13); (6, 11, 11); (11, 12, 5); (12, 12, 12); (1, 14, 8); 

Time: 43
Waiting clients: 
Queue 1: (9, 9, 3); (7, 10, 8); (4, 11, 14); (13, 11, 14); (16, 13, 10); (19, 14, 13); 
Queue 2: (18, 9, 6); (17, 10, 13); (6, 11, 11); (11, 12, 5); (12, 12, 12); (1, 14, 8); 

Time: 44
Waiting clients: 
Queue 1: (9, 9, 2); (7, 10, 8); (4, 11, 14); (13, 11, 14); (16, 13, 10); (19, 14, 13); 
Queue 2: (18, 9, 5); (17, 10, 13); (6, 11, 11); (11, 12, 5); (12, 12, 12); (1, 14, 8); 

Time: 45
Waiting clients: 
Queue 1: (9, 9, 1); (7, 10, 8); (4, 11, 14); (13, 11, 14); (16, 13, 10); (19, 14, 13); 
Queue 2: (18, 9, 4); (17, 10, 13); (6, 11, 11); (11, 12, 5); (12, 12, 12); (1, 14, 8); 

Time: 46
Waiting clients: 
Queue 1: (7, 10, 8); (4, 11, 14); (13, 11, 14); (16, 13, 10); (19, 14, 13); 
Queue 2: (18, 9, 3); (17, 10, 13); (6, 11, 11); (11, 12, 5); (12, 12, 12); (1, 14, 8); 

Time: 47
Waiting clients: 
Queue 1: (7, 10, 7); (4, 11, 14); (13, 11, 14); (16, 13, 10); (19, 14, 13); 
Queue 2: (18, 9, 2); (17, 10, 13); (6, 11, 11); (11, 12, 5); (12, 12, 12); (1, 14, 8); 

Time: 48
Waiting clients: 
Queue 1: (7, 10, 7); (4, 11, 14); (13, 11, 14); (16, 13, 10); (19, 14, 13); 
Queue 2: (18, 9, 1); (17, 10, 13); (6, 11, 11); (11, 12, 5); (12, 12, 12); (1, 14, 8); 

Time: 49
Waiting clients: 
Queue 1: (7, 10, 6); (4, 11, 14); (13, 11, 14); (16, 13, 10); (19, 14, 13); 
Queue 2: (17, 10, 13); (6, 11, 11); (11, 12, 5); (12, 12, 12); (1, 14, 8); 

Time: 50
Waiting clients: 
Queue 1: (7, 10, 5); (4, 11, 14); (13, 11, 14); (16, 13, 10); (19, 14, 13); 
Queue 2: (17, 10, 12); (6, 11, 11); (11, 12, 5); (12, 12, 12); (1, 14, 8); 

Time: 51
Waiting clients: 
Queue 1: (7, 10, 4); (4, 11, 14); (13, 11, 14); (16, 13, 10); (19, 14, 13); 
Queue 2: (17, 10, 11); (6, 11, 11); (11, 12, 5); (12, 12, 12); (1, 14, 8); 

Time: 52
Waiting clients: 
Queue 1: (7, 10, 3); (4, 11, 14); (13, 11, 14); (16, 13, 10); (19, 14, 13); 
Queue 2: (17, 10, 10); (6, 11, 11); (11, 12, 5); (12, 12, 12); (1, 14, 8); 

Time: 53
Waiting clients: 
Queue 1: (7, 10, 2); (4, 11, 14); (13, 11, 14); (16, 13, 10); (19, 14, 13); 
Queue 2: (17, 10, 9); (6, 11, 11); (11, 12, 5); (12, 12, 12); (1, 14, 8); 

Time: 54
Waiting clients: 
Queue 1: (7, 10, 1); (4, 11, 14); (13, 11, 14); (16, 13, 10); (19, 14, 13); 
Queue 2: (17, 10, 8); (6, 11, 11); (11, 12, 5); (12, 12, 12); (1, 14, 8); 

Time: 55
Waiting clients: 
Queue 1: (4, 11, 14); (13, 11, 14); (16, 13, 10); (19, 14, 13); 
Queue 2: (17, 10, 7); (6, 11, 11); (11, 12, 5); (12, 12, 12); (1, 14, 8); 

Time: 56
Waiting clients: 
Queue 1: (4, 11, 13); (13, 11, 14); (16, 13, 10); (19, 14, 13); 
Queue 2: (17, 10, 6); (6, 11, 11); (11, 12, 5); (12, 12, 12); (1, 14, 8); 

Time: 57
Waiting clients: 
Queue 1: (4, 11, 12); (13, 11, 14); (16, 13, 10); (19, 14, 13); 
Queue 2: (17, 10, 5); (6, 11, 11); (11, 12, 5); (12, 12, 12); (1, 14, 8); 

Time: 58
Waiting clients: 
Queue 1: (4, 11, 11); (13, 11, 14); (16, 13, 10); (19, 14, 13); 
Queue 2: (17, 10, 4); (6, 11, 11); (11, 12, 5); (12, 12, 12); (1, 14, 8); 

Time: 59
Waiting clients: 
Queue 1: (4, 11, 10); (13, 11, 14); (16, 13, 10); (19, 14, 13); 
Queue 2: (17, 10, 3); (6, 11, 11); (11, 12, 5); (12, 12, 12); (1, 14, 8); 

Time: 60
Waiting clients: 
Queue 1: (4, 11, 9); (13, 11, 14); (16, 13, 10); (19, 14, 13); 
Queue 2: (17, 10, 2); (6, 11, 11); (11, 12, 5); (12, 12, 12); (1, 14, 8); 

Average Waiting Time: 35.95
Average Service Time: 9.65
Peek Hour: 14